0,401
0,400
0,399
0,398
0,397
0,396
0,395
0,394
0,393
0,392
34,4
34,3
34,2
34,1
34,0
0,391
0,390
33,4
33,3
33,2
33,1
33,0
0,389
0,388
32,4
32,3
32,2
32,1
32,0
31,5
31,4
31,3
31,2
31,1
31,0
30,4
30,3
30,2
30,1
30,0
0,387
0,386
29,3
29,2
29,1
29,0
0,385
0,384
28,4
28,3
28,2
28,1
28,0
27,4
27,3
27,2
27,1
27,0
0,319
0,318
26,4
26,3
26,2
26,1
26,0
25,5
25,4
25,3
25,2
25,1
25,0
0,317
0,316
0,283
0,273
0,270
24,5
24,4
24,3
24,2
0,9
24,1
24,0
23,35
3,2
10,34
10,5
10,123
10,101
10,162
10,2
10,3
11,14
11,5
11,16
11,8
11,6
11,9
11,4
11,2
11,3
9,5
9,2
9,3
8,9
8,7
8,2
8,3
12,2
12,1
12,3
11,30
11,29
11,28
11,27
11,26
11,25
11,24
11,23
11,22
11,1
11,21
10,316
10,315
10,314
10,313
10,312
10,311
10,310
10,309
